00010011 00000001 00000001 11111111 00100011 00100100
10000001 00000000 00100011 00100110 00010001 00000000
10010111 00010111 00000000 00000000 10010011 10000111
01000111 11001010 00010011 00000100 00000101 00000000
01100011 10000110 00000111 00000000 10010011 00000101
00000000 00000000 11101111 00000000 00010000 01001001
10000011 10100111 10000001 10000111 01100011 10000100
00000111 00000000 11100111 10000000 00000111 00000000
00010011 00000101 00000100 00000000 11101111 00010000
01000000 01000011 10010111 00110001 00000000 00000000
10010011 10000001 00000001 11011010 00010011 10000101
01000001 10000111 00010011 10000110 11000001 10101000
00110011 00000110 10100110 01000000 10010011 00000101
00000000 00000000 11101111 00000000 10010000 00110100
00010111 00010101 00000000 00000000 00010011 00000101
11000101 10101011 11101111 00000000 10000000 00011011
11101111 00000000 11010000 00100001 00000011 00100101
00000001 00000000 10010011 00000101 01000001 00000000
00010011 00000110 00000000 00000000 11101111 00000000
00000000 00010011 01101111 11110000 11011111 11111000
10000011 11000111 01000001 10000111 01100011 10010010
00000111 00000100 10010011 00000111 00000000 00000000
01100011 10001000 00000111 00000010 00010011 00000001
00000001 11111111 00010111 00010101 00000000 00000000
00010011 00000101 00000101 01010100 00100011 00100110
00010001 00000000 10010111 00000000 00000000 00000000
11100111 00000000 00000000 00000000 10000011 00100000
11000001 00000000 10010011 00000111 00010000 00000000
00100011 10001010 11110001 10000110 00010011 00000001
00000001 00000001 01100111 10000000 00000000 00000000
10010011 00000111 00010000 00000000 00100011 10001010
11110001 10000110 01100111 10000000 00000000 00000000
01100111 10000000 00000000 00000000 10010011 00000111
00000000 00000000 01100011 10001100 00000111 00000000
10010011 10000101 00000001 10001011 00010111 00010101
00000000 00000000 00010011 00000101 11000101 01001111
00010111 00000011 00000000 00000000 01100111 00000000
00000000 00000000 01100111 10000000 00000000 00000000
00010011 00000001 00000001 11111110 00100011 00101110
00010001 00000000 00100011 00101100 10000001 00000000
00100011 00101010 10010001 00000000 00010011 00000100
00000001 00000010 00100011 00100110 10100100 11111110
10000011 00100111 11000100 11111110 01100011 01000110
11110000 00000000 10010011 00000111 00000000 00000000
01101111 00000000 01000000 00000100 00000011 00100111
11000100 11111110 10010011 00000111 00100000 00000000
01100011 11000110 11100111 00000000 10010011 00000111
00010000 00000000 01101111 00000000 00000000 00000011
10000011 00100111 11000100 11111110 10010011 10000111
11110111 11111111 00010011 10000101 00000111 00000000
11101111 11110000 10011111 11111011 10010011 00000100
00000101 00000000 10000011 00100111 11000100 11111110
10010011 10000111 11100111 11111111 00010011 10000101
00000111 00000000 11101111 11110000 01011111 11111010
10010011 00000111 00000101 00000000 10110011 10000111
11110100 00000000 00010011 10000101 00000111 00000000
10000011 00100000 11000001 00000001 00000011 00100100
10000001 00000001 10000011 00100100 01000001 00000001
00010011 00000001 00000001 00000010 01100111 10000000
00000000 00000000 00010011 00000001 00000001 11111110
00100011 00101110 00010001 00000000 00100011 00101100
10000001 00000000 00010011 00000100 00000001 00000010
00100011 00100110 10100100 11111110 00100011 00100100
10110100 11111110 10000011 00100101 10000100 11111110
00000011 00100101 11000100 11111110 11101111 00000000
11000000 00000110 10010011 00000111 00000101 00000000
00010011 10000101 00000111 00000000 10000011 00100000
11000001 00000001 00000011 00100100 10000001 00000001
00010011 00000001 00000001 00000010 01100111 10000000
00000000 00000000 00010011 00000001 00000001 11111111
00100011 00100110 00010001 00000000 00100011 00100100
10000001 00000000 00010011 00000100 00000001 00000001
00010011 00000101 10100000 00000000 11101111 11110000
00011111 11110011 00010011 00000111 00000101 00000000
00100011 10101110 11100001 10000100 00010011 00000111
01000000 00000000 00100011 10100000 11100001 10000110
10010011 00000101 11100000 11111111 00010011 00000101
01110000 00000000 11101111 11110000 01011111 11111001
00010011 00000111 00000101 00000000 00100011 10100010
11100001 10000110 00010011 00000000 00000000 00000000
10000011 00100000 11000001 00000000 00000011 00100100
10000001 00000000 00010011 00000001 00000001 00000001
01100111 10000000 00000000 00000000 00010011 00000110
00000101 00000000 00010011 00000101 00000000 00000000
10010011 11110110 00010101 00000000 01100011 10000100
00000110 00000000 00110011 00000101 11000101 00000000
10010011 11010101 00010101 00000000 00010011 00010110
00010110 00000000 11100011 10010110 00000101 11111110
01100111 10000000 00000000 00000000 10010011 00000101
00000101 00000000 10010011 00000110 00000000 00000000
00010011 00000110 00000000 00000000 00010011 00000101
00000000 00000000 01101111 00000000 00010000 00011001
00010011 00000001 00000001 11111111 00100011 00100100
10000001 00000000 00100011 00100110 00010001 00000000
00010011 00000100 00000101 00000000 00100011 00010110
10110101 00000000 00100011 00010111 11000101 00000000
00100011 00100000 00000101 00000000 00100011 00100010
00000101 00000000 00100011 00100100 00000101 00000000
00100011 00100010 00000101 00000110 00100011 00101000
00000101 00000000 00100011 00101010 00000101 00000000
00100011 00101100 00000101 00000000 00010011 00000110
10000000 00000000 10010011 00000101 00000000 00000000
00010011 00000101 11000101 00000101 11101111 00000000
00010000 00010011 10010111 00000111 00000000 00000000
10010011 10000111 01000111 01000100 00100011 00100010
11110100 00000010 10010111 00000111 00000000 00000000
10010011 10000111 00000111 01001001 00100011 00100100
11110100 00000010 10010111 00000111 00000000 00000000
10010011 10000111 10000111 01010000 00100011 00100110
11110100 00000010 10010111 00000111 00000000 00000000
10010011 10000111 01000111 01010101 00100011 00101000
11110100 00000010 00100011 00100000 10000100 00000010
10010111 00100111 00000000 00000000 10010011 10000111
00000111 01000000 01100011 00001010 11110100 00000000
10010011 10000111 00000001 10010011 01100011 00000110
11110100 00000000 10010011 10000111 10000001 10011001
01100011 00011100 11110100 00000000 00010011 00000101
10000100 00000101 00000011 00100100 10000001 00000000
10000011 00100000 11000001 00000000 00010011 00000001
00000001 00000001 01101111 00000000 00010000 00001010
10000011 00100000 11000001 00000000 00000011 00100100
10000001 00000000 00010011 00000001 00000001 00000001
01100111 10000000 00000000 00000000 00010111 00100110
00000000 00000000 00010011 00000110 10000110 00101111
10010111 00010101 00000000 00000000 10010011 10000101
00000101 00000011 00010111 00100101 00000000 00000000
00010011 00000101 01000101 00101111 01101111 00000000
10000000 00110000 10000011 00100101 01000101 00000000
00010011 00000001 00000001 11111111 00100011 00100100
10000001 00000000 00100011 00100110 00010001 00000000
10010111 00100111 00000000 00000000 10010011 10000111
01000111 00111001 00010011 00000100 00000101 00000000
01100011 10000100 11110101 00000000 11101111 00000000
11010000 01111111 10000011 00100101 10000100 00000000
10010011 10000111 00000001 10010011 01100011 10000110
11110101 00000000 00010011 00000101 00000100 00000000
11101111 00000000 10010000 01111110 10000011 00100101
11000100 00000000 10010011 10000111 10000001 10011001
01100011 10001100 11110101 00000000 00010011 00000101
00000100 00000000 00000011 00100100 10000001 00000000
10000011 00100000 11000001 00000000 00010011 00000001
00000001 00000001 01101111 00000000 10010000 01111100
10000011 00100000 11000001 00000000 00000011 00100100
10000001 00000000 00010011 00000001 00000001 00000001
01100111 10000000 00000000 00000000 10000011 10100111
01000101 00000110 10010011 11110111 00010111 00000000
01100011 10011000 00000111 00000010 10000011 11010111
11000101 00000000 10010011 11110111 00000111 00100000
01100011 10010010 00000111 00000010 00000011 10100101
10000101 00000101 00010011 00000001 00000001 11111111
00100011 00100110 00010001 00000000 11101111 00000000
01000000 01111111 10000011 00100000 11000001 00000000
00010011 00000101 00000000 00000000 00010011 00000001
00000001 00000001 01100111 10000000 00000000 00000000
00010011 00000101 00000000 00000000 01100111 10000000
00000000 00000000 10000011 10100111 01000101 00000110
10010011 11110111 00010111 00000000 01100011 10011000
00000111 00000010 10000011 11010111 11000101 00000000
10010011 11110111 00000111 00100000 01100011 10010010
00000111 00000010 00000011 10100101 10000101 00000101
00010011 00000001 00000001 11111111 00100011 00100110
00010001 00000000 11101111 00000000 11000000 01111100
10000011 00100000 11000001 00000000 00010011 00000101
00000000 00000000 00010011 00000001 00000001 00000001
01100111 10000000 00000000 00000000 00010011 00000101
00000000 00000000 01100111 10000000 00000000 00000000
00010011 00000001 00000001 11111111 10010111 00000111
00000000 00000000 10010011 10000111 10000111 11101111
00010011 00000110 00000000 00000000 10010011 00000101
01000000 00000000 00010111 00100101 00000000 00000000
00010011 00000101 10000101 00101010 00100011 00100110
00010001 00000000 00100011 10101100 11110001 10000110
11101111 11110000 00011111 11100010 00010011 00000110
00010000 00000000 10010011 00000101 10010000 00000000
00010011 10000101 00000001 10010011 11101111 11110000
00011111 11100001 10000011 00100000 11000001 00000000
00010011 00000110 00100000 00000000 10010011 00000101
00100000 00000001 00010011 10000101 10000001 10011001
00010011 00000001 00000001 00000001 01101111 11110000
10011111 11011111 00010011 10000101 11000001 10001001
01101111 00000000 01000000 01110100 00010011 10000101
11000001 10001001 01101111 00000000 01000000 01110101
00010011 00000001 00000001 11111111 00100011 00100000
00100001 00000001 00100011 00100110 00010001 00000000
00100011 00100100 10000001 00000000 00100011 00100010
10010001 00000000 00010011 00001001 00000101 00000000
11101111 11110000 10011111 11111101 10000011 10100111
10000001 10000111 01100011 10010100 00000111 00000000
11101111 11110000 11011111 11110111 10010111 00100100
00000000 00000000 10010011 10000100 11000100 00010110
00000011 10100100 10000100 00000000 10000011 10100111
01000100 00000000 10010011 10000111 11110111 11111111
01100011 11011010 00000111 00000010 00000011 10100100
00000100 00000000 01100011 00011000 00000100 00001100
10010011 00000101 11000000 00011010 00010011 00000101
00001001 00000000 11101111 00000000 10010000 00101110
00010011 00000100 00000101 00000000 01100011 00011100
00000101 00001000 00100011 10100000 00000100 00000000
11101111 11110000 10011111 11111001 10010011 00000111
11000000 00000000 00100011 00100000 11111001 00000000
01101111 00000000 00000000 00000110 00000011 00010111
11000100 00000000 01100011 00011010 00000111 00000110
10110111 00000111 11111111 11111111 10010011 10000111
00010111 00000000 00100011 00100110 11110100 00000000
00010011 00000101 10000100 00000101 00100011 00100010
00000100 00000110 11101111 00000000 11000000 01101001
11101111 11110000 10011111 11110110 00010011 00000110
10000000 00000000 00100011 00100000 00000100 00000000
00100011 00100100 00000100 00000000 00100011 00100010
00000100 00000000 00100011 00101000 00000100 00000000
00100011 00101010 00000100 00000000 00100011 00101100
00000100 00000000 10010011 00000101 00000000 00000000
00010011 00000101 11000100 00000101 11101111 00000000
11000000 01101001 00100011 00101010 00000100 00000010
00100011 00101100 00000100 00000010 00100011 00100100
00000100 00000100 00100011 00100110 00000100 00000100
10000011 00100000 11000001 00000000 00010011 00000101
00000100 00000000 00000011 00100100 10000001 00000000
10000011 00100100 01000001 00000000 00000011 00101001
00000001 00000000 00010011 00000001 00000001 00000001
01100111 10000000 00000000 00000000 00010011 00000100
10000100 00000110 01101111 11110000 11011111 11110100
10010011 00000111 01000000 00000000 00100011 00100000
00000101 00000000 00100011 00100010 11110101 00000000
00010011 00000101 11000101 00000000 00100011 00100100
10100100 00000000 00010011 00000110 00000000 00011010
10010011 00000101 00000000 00000000 11101111 00000000
10000000 01100100 00100011 10100000 10000100 00000000
10010011 00000100 00000100 00000000 01101111 11110000
10011111 11110001 00010011 00000001 00000001 11111111
00100011 00100100 10000001 00000000 00100011 00100110
00010001 00000000 00010011 00000100 00000101 00000000
11101111 11110000 01011111 11101100 10000011 00100111
00000100 00000010 01100011 10001010 00000111 00000000
00000011 00100100 10000001 00000000 10000011 00100000
11000001 00000000 00010011 00000001 00000001 00000001
01101111 11110000 01011111 11101011 10010111 00000111
00000000 00000000 10010011 10000111 00000111 11010111
00100011 00100000 11110100 00000010 10000011 10100111
10000001 10000111 11100011 10010000 00000111 11111110
11101111 11110000 01011111 11100100 01101111 11110000
10011111 11111101 00010011 00000001 00000001 11111111
00100011 00100110 00010001 00000000 11101111 11110000
01011111 11101000 10000011 00100000 11000001 00000000
00010111 00100110 00000000 00000000 00010011 00000110
00000110 00000010 10010111 00000101 00000000 00000000
10010011 10000101 01000101 11011010 00010011 00000101
00000000 00000000 00010011 00000001 00000001 00000001
01101111 00000000 00000000 00000011 00010011 00000001
00000001 11111111 00010111 00100110 00000000 00000000
00010011 00000110 00000110 00000000 10010111 00000101
00000000 00000000 10010011 10000101 01000101 11011100
00010011 00000101 00000000 00000000 00100011 00100110
00010001 00000000 11101111 00000000 00000000 00000001
10000011 00100000 11000001 00000000 00010011 00000001
00000001 00000001 01101111 11110000 00011111 11100100
00010011 00000001 00000001 11111101 00100011 00100100
10000001 00000010 00100011 00100000 00100001 00000011
00100011 00101110 00110001 00000001 00100011 00101100
01000001 00000001 00100011 00101000 01100001 00000001
00100011 00100110 01110001 00000001 00100011 00100110
00010001 00000010 00100011 00100010 10010001 00000010
00100011 00101010 01010001 00000001 10010011 00001001
00000101 00000000 00010011 10001010 00000101 00000000
00010011 00000100 00000110 00000000 00010011 00001001
00000000 00000000 00010011 00001011 00010000 00000000
10010011 00001011 11110000 11111111 10000011 00100100
10000100 00000000 10000011 00101010 01000100 00000000
10010011 10001010 11111010 11111111 01100011 11011110
00001010 00000010 00000011 00100100 00000100 00000000
11100011 00010110 00000100 11111110 10000011 00100000
11000001 00000010 00000011 00100100 10000001 00000010
10000011 00100100 01000001 00000010 10000011 00101001
11000001 00000001 00000011 00101010 10000001 00000001
10000011 00101010 01000001 00000001 00000011 00101011
00000001 00000001 10000011 00101011 11000001 00000000
00010011 00000101 00001001 00000000 00000011 00101001
00000001 00000010 00010011 00000001 00000001 00000011
01100111 10000000 00000000 00000000 10000011 11010111
11000100 00000000 01100011 01111110 11111011 00000000
10000011 10010111 11100100 00000000 01100011 10001010
01110111 00000001 10010011 10000101 00000100 00000000
00010011 10000101 00001001 00000000 11100111 00000000
00001010 00000000 00110011 01101001 10101001 00000000
10010011 10000100 10000100 00000110 01101111 11110000
11011111 11111001 00010011 00000001 00000001 11111111
00100011 00100100 10000001 00000000 00010011 10000100
00000101 00000000 10000011 10010101 11100101 00000000
00100011 00100110 00010001 00000000 11101111 00000000
10000000 00110010 01100011 01000000 00000101 00000010
10000011 00100111 01000100 00000101 10110011 10000111
10100111 00000000 00100011 00101010 11110100 00000100
10000011 00100000 11000001 00000000 00000011 00100100
10000001 00000000 00010011 00000001 00000001 00000001
01100111 10000000 00000000 00000000 10000011 01010111
11000100 00000000 00110111 11110111 11111111 11111111
00010011 00000111 11110111 11111111 10110011 11110111
11100111 00000000 00100011 00010110 11110100 00000000
01101111 11110000 11011111 11111101 00010011 00000101
00000000 00000000 01100111 10000000 00000000 00000000
10000011 11010111 11000101 00000000 00010011 00000001
00000001 11111110 00100011 00101100 10000001 00000000
00100011 00101010 10010001 00000000 00100011 00101000
00100001 00000001 00100011 00100110 00110001 00000001
00100011 00101110 00010001 00000000 10010011 11110111
00000111 00010000 10010011 00000100 00000101 00000000
00010011 10000100 00000101 00000000 00010011 00001001
00000110 00000000 10010011 10001001 00000110 00000000
01100011 10001010 00000111 00000000 10000011 10010101
11100101 00000000 10010011 00000110 00100000 00000000
00010011 00000110 00000000 00000000 11101111 00000000
11000000 00100101 10000011 01010111 11000100 00000000
00110111 11110111 11111111 11111111 00010011 00000111
11110111 11111111 10110011 11110111 11100111 00000000
10000011 00010101 11100100 00000000 00100011 00010110
11110100 00000000 00000011 00100100 10000001 00000001
10000011 00100000 11000001 00000001 10010011 10000110
00001001 00000000 00010011 00000110 00001001 00000000
10000011 00101001 11000001 00000000 00000011 00101001
00000001 00000001 00010011 10000101 00000100 00000000
10000011 00100100 01000001 00000001 00010011 00000001
00000001 00000010 01101111 00000000 11000000 00101010
00010011 00000001 00000001 11111111 00100011 00100100
10000001 00000000 00010011 10000100 00000101 00000000
10000011 10010101 11100101 00000000 00100011 00100110
00010001 00000000 11101111 00000000 01000000 00100000
00010011 00000111 11110000 11111111 10000011 00010111
11000100 00000000 01100011 00010010 11100101 00000010
00110111 11110111 11111111 11111111 00010011 00000111
11110111 11111111 10110011 11110111 11100111 00000000
00100011 00010110 11110100 00000000 10000011 00100000
11000001 00000000 00000011 00100100 10000001 00000000
00010011 00000001 00000001 00000001 01100111 10000000
00000000 00000000 00110111 00010111 00000000 00000000
10110011 11100111 11100111 00000000 00100011 00010110
11110100 00000000 00100011 00101010 10100100 00000100
01101111 11110000 00011111 11111110 10000011 10010101
11100101 00000000 01101111 00000000 01000000 00000000
00010011 00000001 00000001 11111111 00100011 00100100
10000001 00000000 00010011 00000100 00000101 00000000
00010011 10000101 00000101 00000000 00100011 10101110
00000001 10000110 00100011 00100110 00010001 00000000
11101111 00000000 01010000 01000010 10010011 00000111
11110000 11111111 01100011 00011000 11110101 00000000
10000011 10100111 11000001 10000111 01100011 10000100
00000111 00000000 00100011 00100000 11110100 00000000
10000011 00100000 11000001 00000000 00000011 00100100
10000001 00000000 00010011 00000001 00000001 00000001
01100111 10000000 00000000 00000000 10000011 10100111
10000001 10000110 01100011 10001000 10100111 00010110
10000011 00100111 11000101 00000001 00010011 00000001
00000001 11111110 00100011 00101100 10000001 00000000
00100011 00101110 00010001 00000000 00100011 00101010
10010001 00000000 00100011 00101000 00100001 00000001
00100011 00100110 00110001 00000001 00010011 00000100
00000101 00000000 01100011 10000100 00000111 00001000
10000011 10100111 11000111 00000000 01100011 10001100
00000111 00000010 10010011 00000100 00000000 00000000
00010011 00001001 00000000 00001000 10000011 00100111
11000100 00000001 10000011 10100111 11000111 00000000
10110011 10000111 10010111 00000000 10000011 10100101
00000111 00000000 01100011 10011000 00000101 00000100
10010011 10000100 01000100 00000000 11100011 10010100
00100100 11111111 10000011 00100111 11000100 00000001
00010011 00000101 00000100 00000000 10000011 10100101
11000111 00000000 11101111 00000000 10000000 01010110
10000011 00100111 11000100 00000001 10000011 10100101
00000111 00000000 01100011 10000110 00000101 00000000
00010011 00000101 00000100 00000000 11101111 00000000
01000000 01010101 10000011 00100111 11000100 00000001
10000011 10100100 10000111 00000000 01100011 10000110
00000100 00000010 10010011 10000101 00000100 00000000
00010011 00000101 00000100 00000000 10000011 10100100
00000100 00000000 11101111 00000000 10000000 01010011
01101111 11110000 11011111 11111110 10000011 10101001
00000101 00000000 00010011 00000101 00000100 00000000
11101111 00000000 10000000 01010010 10010011 10000101
00001001 00000000 01101111 11110000 00011111 11111010
10000011 00100101 01000100 00000001 01100011 10000110
00000101 00000000 00010011 00000101 00000100 00000000
11101111 00000000 00000000 01010001 10000011 00100101
11000100 00000001 01100011 10000110 00000101 00000000
00010011 00000101 00000100 00000000 11101111 00000000
00000000 01010000 10000011 00100101 00000100 00000011
01100011 10000110 00000101 00000000 00010011 00000101
00000100 00000000 11101111 00000000 00000000 01001111
10000011 00100101 01000100 00000011 01100011 10000110
00000101 00000000 00010011 00000101 00000100 00000000
11101111 00000000 00000000 01001110 10000011 00100101
10000100 00000011 01100011 10000110 00000101 00000000
00010011 00000101 00000100 00000000 11101111 00000000
00000000 01001101 10000011 00100101 10000100 00000100
01100011 10000110 00000101 00000000 00010011 00000101
00000100 00000000 11101111 00000000 00000000 01001100
10000011 00100101 01000100 00000100 01100011 10000110
00000101 00000000 00010011 00000101 00000100 00000000
11101111 00000000 00000000 01001011 10000011 00100101
11000100 00000010 01100011 10000110 00000101 00000000
00010011 00000101 00000100 00000000 11101111 00000000
00000000 01001010 10000011 00100111 00000100 00000010
01100011 10000010 00000111 00000010 00010011 00000101
00000100 00000000 00000011 00100100 10000001 00000001
10000011 00100000 11000001 00000001 10000011 00100100
01000001 00000001 00000011 00101001 00000001 00000001
10000011 00101001 11000001 00000000 00010011 00000001
00000001 00000010 01100111 10000000 00000111 00000000
10000011 00100000 11000001 00000001 00000011 00100100
10000001 00000001 10000011 00100100 01000001 00000001
00000011 00101001 00000001 00000001 10000011 00101001
11000001 00000000 00010011 00000001 00000001 00000010
01100111 10000000 00000000 00000000 01100111 10000000
00000000 00000000 00010011 00000001 00000001 11111111
00100011 00100100 10000001 00000000 00010011 00000100
00000101 00000000 00010011 10000101 00000101 00000000
10010011 00000101 00000110 00000000 00010011 10000110
00000110 00000000 00100011 10101110 00000001 10000110
00100011 00100110 00010001 00000000 11101111 00000000
01010000 00101101 10010011 00000111 11110000 11111111
01100011 00011000 11110101 00000000 10000011 10100111
11000001 10000111 01100011 10000100 00000111 00000000
00100011 00100000 11110100 00000000 10000011 00100000
11000001 00000000 00000011 00100100 10000001 00000000
00010011 00000001 00000001 00000001 01100111 10000000
00000000 00000000 00010011 00000001 00000001 11111111
00100011 00100100 10000001 00000000 00010011 00000100
00000101 00000000 00010011 10000101 00000101 00000000
10010011 00000101 00000110 00000000 00010011 10000110
00000110 00000000 00100011 10101110 00000001 10000110
00100011 00100110 00010001 00000000 11101111 00000000
11010000 00101100 10010011 00000111 11110000 11111111
01100011 00011000 11110101 00000000 10000011 10100111
11000001 10000111 01100011 10000100 00000111 00000000
00100011 00100000 11110100 00000000 10000011 00100000
11000001 00000000 00000011 00100100 10000001 00000000
00010011 00000001 00000001 00000001 01100111 10000000
00000000 00000000 00010011 00000001 00000001 11111111
00100011 00100100 10000001 00000000 00010011 00000100
00000101 00000000 00010011 10000101 00000101 00000000
10010011 00000101 00000110 00000000 00010011 10000110
00000110 00000000 00100011 10101110 00000001 10000110
00100011 00100110 00010001 00000000 11101111 00000000
00010000 00110011 10010011 00000111 11110000 11111111
01100011 00011000 11110101 00000000 10000011 10100111
11000001 10000111 01100011 10000100 00000111 00000000
00100011 00100000 11110100 00000000 10000011 00100000
11000001 00000000 00000011 00100100 10000001 00000000
00010011 00000001 00000001 00000001 01100111 10000000
00000000 00000000 00010011 00000001 00000001 11111111
00100011 00100100 10000001 00000000 00100011 00100010
10010001 00000000 00010111 00100100 00000000 00000000
00010011 00000100 10000100 10110100 10010111 00100100
00000000 00000000 10010011 10000100 00000100 10110100
10110011 10000100 10000100 01000000 00100011 00100000
00100001 00000001 00100011 00100110 00010001 00000000
10010011 11010100 00100100 01000000 00010011 00001001
00000000 00000000 01100011 00011110 10011001 00000010
00010111 00100100 00000000 00000000 00010011 00000100
00000100 10110010 10010111 00100100 00000000 00000000
10010011 10000100 11000100 10110001 10110011 10000100
10000100 01000000 10010011 11010100 00100100 01000000
00010011 00001001 00000000 00000000 01100011 00011000
10011001 00000010 10000011 00100000 11000001 00000000
00000011 00100100 10000001 00000000 10000011 00100100
01000001 00000000 00000011 00101001 00000001 00000000
00010011 00000001 00000001 00000001 01100111 10000000
00000000 00000000 10000011 00100111 00000100 00000000
00010011 00001001 00011001 00000000 00010011 00000100
01000100 00000000 11100111 10000000 00000111 00000000
01101111 11110000 01011111 11111011 10000011 00100111
00000100 00000000 00010011 00001001 00011001 00000000
00010011 00000100 01000100 00000000 11100111 10000000
00000111 00000000 01101111 11110000 00011111 11111100
00010011 00000001 00000001 11111111 00100011 00100100
10000001 00000000 00100011 00100010 10010001 00000000
00010111 00100100 00000000 00000000 00010011 00000100
11000100 10101011 10010111 00100100 00000000 00000000
10010011 10000100 00000100 10101011 00110011 00000100
10010100 01000000 00100011 00100110 00010001 00000000
00010011 01010100 00100100 01000000 01100011 00011100
00000100 00000000 10000011 00100000 11000001 00000000
00000011 00100100 10000001 00000000 10000011 00100100
01000001 00000000 00010011 00000001 00000001 00000001
01100111 10000000 00000000 00000000 00010011 00000100
11110100 11111111 10010011 00010111 00100100 00000000
10110011 10000111 11110100 00000000 10000011 10100111
00000111 00000000 11100111 10000000 00000111 00000000
01101111 11110000 01011111 11111101 01100111 10000000
00000000 00000000 01100111 10000000 00000000 00000000
01100111 10000000 00000000 00000000 01100111 10000000
00000000 00000000 01100111 10000000 00000000 00000000
01100111 10000000 00000000 00000000 00010011 00000101
00010000 00000000 01100111 10000000 00000000 00000000
00010011 00000101 00010000 00000000 01100111 10000000
00000000 00000000 01100111 10000000 00000000 00000000
01100111 10000000 00000000 00000000 00010011 00000011
00000101 00000000 01100011 00001010 00000110 00000000
00100011 00000000 10110011 00000000 00010011 00000110
11110110 11111111 00010011 00000011 00010011 00000000
11100011 00011010 00000110 11111110 01100111 10000000
00000000 00000000 00010011 00000001 00000001 11111110
00100011 00100100 01000001 00000001 00010011 10001010
00000001 10000111 00100011 00101100 10000001 00000000
00010011 00000100 00000101 00000000 00000011 00100101
00001010 00000000 00100011 00101010 10010001 00000000
00100011 00101000 00100001 00000001 00100011 00100110
00110001 00000001 00100011 00101110 00010001 00000000
10010011 10000100 00000101 00000000 10010011 00001001
00000110 00000000 00010011 10001001 00000110 00000000
11101111 11110000 01011111 11111001 00010011 10000111
00000001 10001010 10000011 00100111 00000111 00000000
01100011 10010000 00000111 00000010 10010011 10000111
00000001 10100000 00100011 00100000 11110111 00000000
00010011 00000111 00000000 00000000 01100011 00000110
00000111 00000000 00000011 00100111 00000111 00000000
00100011 10100100 11100111 00001000 10010011 10000111
00000001 10100000 00000011 10100111 01000111 00000000
10010011 00000110 11110000 00000001 00000011 00100101
00001010 00000000 01100011 11010110 11100110 00000010
11101111 11110000 00011111 11110111 00010011 00000101
11110000 11111111 10000011 00100000 11000001 00000001
00000011 00100100 10000001 00000001 10000011 00100100
01000001 00000001 00000011 00101001 00000001 00000001
10000011 00101001 11000001 00000000 00000011 00101010
10000001 00000000 00010011 00000001 00000001 00000010
01100111 10000000 00000000 00000000 01100011 00000010
00000100 00000100 00000011 10101000 10000111 00001000
11100011 00001000 00001000 11111100 10010011 00011000
00100111 00000000 10110011 00001000 00011000 00000001
00100011 10100000 00111000 00000001 10000011 00100110
00001000 00010000 00010011 00000110 00010000 00000000
00110011 00010110 11100110 00000000 10110011 11100110
11000110 00000000 00100011 00100000 11011000 00010000
00100011 10100000 00101000 00001001 10010011 00000110
00100000 00000000 01100011 00011000 11010100 00000000
10000011 00100110 01001000 00010000 10110011 11100110
11000110 00000000 00100011 00100010 11011000 00010000
10010011 00000110 00010111 00000000 00010011 00010111
00100111 00000000 00100011 10100010 11010111 00000000
10110011 10000111 11100111 00000000 00100011 10100100
10010111 00000000 11101111 11110000 00011111 11101111
00010011 00000101 00000000 00000000 01101111 11110000
00011111 11111000 00010011 00000001 00000001 11111101
00100011 00100110 01110001 00000001 10010011 10001011
00000001 10000111 00100011 00101000 01100001 00000001
00010011 00001011 00000101 00000000 00000011 10100101
00001011 00000000 00100011 00101010 01010001 00000001
00100011 00100100 10000001 00000001 00100011 00100010
10010001 00000001 00100011 00100110 00010001 00000010
00100011 00100100 10000001 00000010 00100011 00100010
10010001 00000010 00100011 00100000 00100001 00000011
00100011 00101110 00110001 00000001 00100011 00101100
01000001 00000001 00100011 00100000 10100001 00000001
10010011 10001010 00000101 00000000 00010011 10001100
00000001 10001010 11101111 11110000 01011111 11101000
10010011 00001100 00010000 00000000 10000011 00100100
00001100 00000000 01100011 10010000 00000100 00000100
00000011 00100100 10000001 00000010 00000011 10100101
00001011 00000000 10000011 00100000 11000001 00000010
10000011 00100100 01000001 00000010 00000011 00101001
00000001 00000010 10000011 00101001 11000001 00000001
00000011 00101010 10000001 00000001 10000011 00101010
01000001 00000001 00000011 00101011 00000001 00000001
10000011 00101011 11000001 00000000 00000011 00101100
10000001 00000000 10000011 00101100 01000001 00000000
00000011 00101101 00000001 00000000 00010011 00000001
00000001 00000011 01101111 11110000 01011111 11100101
00000011 10100100 01000100 00000000 10000011 10101001
10000100 00001000 00010011 00001001 11110100 11111111
00010011 00010100 00100100 00000000 00110011 10001010
10001001 00000000 00110011 10000100 10000100 00000000
11100011 01000110 00001001 11111010 01100011 10000000
00001010 00000010 01100011 10011010 00001001 00000000
00010011 00001001 11111001 11111111 00010011 00001010
11001010 11111111 00010011 00000100 11000100 11111111
01101111 11110000 10011111 11111110 10000011 00100111
11001010 00000111 11100011 10010110 01010111 11111111
00000011 10100111 01000100 00000000 10000011 00100111
01000100 00000000 00010011 00000111 11110111 11111111
01100011 00011110 00100111 00000011 00100011 10100010
00100100 00000001 11100011 10001010 00000111 11111100
00000011 10101101 01000100 00000000 01100011 10001010
00001001 00000000 10000011 10100110 00001001 00010000
00110011 10010111 00101100 00000001 10110011 01110110
11010111 00000000 01100011 10010010 00000110 00000010
11100111 10000000 00000111 00000000 00000011 10100111
01000100 00000000 10000011 00100111 00001100 00000000
11100011 00010010 10100111 11110101 11100011 10000100
11110100 11111010 01101111 11110000 11011111 11110011
00100011 00100010 00000100 00000000 01101111 11110000
10011111 11111100 10000011 10100110 01001001 00010000
10000011 00100101 11001010 11111111 00110011 01110111
11010111 00000000 01100011 00011000 00000111 00000000
00010011 00000101 00001011 00000000 11100111 10000000
00000111 00000000 01101111 11110000 11011111 11111100
00010011 10000101 00000101 00000000 11100111 10000000
00000111 00000000 01101111 11110000 00011111 11111100
01100011 10001100 00000101 00001110 10000011 10100111
11000101 11111111 00010011 00000001 00000001 11111110
00100011 00101100 10000001 00000000 00100011 00101110
00010001 00000000 00010011 10000100 11000101 11111111
01100011 11010100 00000111 00000000 00110011 00000100
11110100 00000000 00100011 00100110 10100001 00000000
11101111 00000000 00000000 00110010 00010011 10000111
10000001 10001010 10000011 00100111 00000111 00000000
00000011 00100101 11000001 00000000 01100011 10011110
00000111 00000000 00100011 00100010 00000100 00000000
00100011 00100000 10000111 00000000 00000011 00100100
10000001 00000001 10000011 00100000 11000001 00000001
00010011 00000001 00000001 00000010 01101111 00000000
00000000 00110000 01100011 01110100 11110100 00000010
00000011 00100110 00000100 00000000 10110011 00000110
11000100 00000000 01100011 10011010 11010111 00000000
10000011 10100110 00000111 00000000 10000011 10100111
01000111 00000000 10110011 10000110 11000110 00000000
00100011 00100000 11010100 00000000 00100011 00100010
11110100 00000000 01101111 11110000 10011111 11111100
00010011 10000111 00000111 00000000 10000011 10100111
01000111 00000000 01100011 10000100 00000111 00000000
11100011 01111010 11110100 11111110 10000011 00100110
00000111 00000000 00110011 00000110 11010111 00000000
01100011 00011000 10000110 00000010 00000011 00100110
00000100 00000000 10110011 10000110 11000110 00000000
00100011 00100000 11010111 00000000 00110011 00000110
11010111 00000000 11100011 10011110 11000111 11111000
00000011 10100110 00000111 00000000 10000011 10100111
01000111 00000000 10110011 00000110 11010110 00000000
00100011 00100000 11010111 00000000 00100011 00100010
11110111 00000000 01101111 11110000 01011111 11111000
01100011 01111000 11000100 00000000 10010011 00000111
11000000 00000000 00100011 00100000 11110101 00000000
01101111 11110000 01011111 11110111 00000011 00100110
00000100 00000000 10110011 00000110 11000100 00000000
01100011 10011010 11010111 00000000 10000011 10100110
00000111 00000000 10000011 10100111 01000111 00000000
10110011 10000110 11000110 00000000 00100011 00100000
11010100 00000000 00100011 00100010 11110100 00000000
00100011 00100010 10000111 00000000 01101111 11110000
11011111 11110100 01100111 10000000 00000000 00000000
00010011 00000001 00000001 11111111 00100011 00100000
00100001 00000001 00010011 10001001 01000001 10001010
10000011 00100111 00001001 00000000 00100011 00100100
10000001 00000000 00100011 00100010 10010001 00000000
00100011 00100110 00010001 00000000 10010011 00000100
00000101 00000000 00010011 10000100 00000101 00000000
01100011 10011000 00000111 00000000 10010011 00000101
00000000 00000000 11101111 00000000 10000000 01001100
00100011 00100000 10101001 00000000 10010011 00000101
00000100 00000000 00010011 10000101 00000100 00000000
11101111 00000000 10000000 01001011 00010011 00001001
11110000 11111111 01100011 00010010 00100101 00000011
00010011 00000100 11110000 11111111 10000011 00100000
11000001 00000000 00010011 00000101 00000100 00000000
00000011 00100100 10000001 00000000 10000011 00100100
01000001 00000000 00000011 00101001 00000001 00000000
00010011 00000001 00000001 00000001 01100111 10000000
00000000 00000000 00010011 00000100 00110101 00000000
00010011 01110100 11000100 11111111 11100011 00001110
10000101 11111100 10110011 00000101 10100100 01000000
00010011 10000101 00000100 00000000 11101111 00000000
10000000 01000111 11100011 00010110 00100101 11111101
01101111 11110000 01011111 11111100 00010011 00000001
00000001 11111110 00100011 00101010 10010001 00000000
10010011 10000100 00110101 00000000 10010011 11110100
11000100 11111111 00100011 00101000 00100001 00000001
00100011 00101110 00010001 00000000 00100011 00101100
10000001 00000000 00100011 00100110 00110001 00000001
00100011 00100100 01000001 00000001 10010011 10000100
10000100 00000000 10010011 00000111 11000000 00000000
00010011 00001001 00000101 00000000 01100011 11110000
11110100 00001010 10010011 10000100 00000111 00000000
01100011 11101110 10110100 00001000 00010011 00000101
00001001 00000000 11101111 00000000 00000000 00011000
10010011 10001001 10000001 10001010 10000011 10100111
00001001 00000000 00010011 10000100 00000111 00000000
01100011 00010110 00000100 00001010 10010011 10000101
00000100 00000000 00010011 00000101 00001001 00000000
11101111 11110000 11011111 11110001 10010011 00000111
11110000 11111111 00010011 00000100 00000101 00000000
01100011 00011000 11110101 00010100 00000011 10100100
00001001 00000000 10010011 00000111 00000100 00000000
01100011 10011000 00000111 00010000 01100011 00000110
00000100 00010010 00000011 00101010 00000100 00000000
10010011 00000101 00000000 00000000 00010011 00000101
00001001 00000000 00110011 00001010 01000100 00000001
11101111 00000000 00000000 00111110 01100011 00011010
10101010 00010000 10000011 00100111 00000100 00000000
00010011 00000101 00001001 00000000 10110011 10000100
11110100 01000000 10010011 10000101 00000100 00000000
11101111 11110000 01011111 11101101 10010011 00000111
11110000 11111111 01100011 00001100 11110101 00001110
10000011 00100111 00000100 00000000 10110011 10000111
10010111 00000000 00100011 00100000 11110100 00000000
10000011 10100111 00001001 00000000 00000011 10100111
01000111 00000000 01100011 00010110 00000111 00001100
00100011 10100100 00000001 10001010 01101111 00000000
00000000 00000110 11100011 11010100 00000100 11110110
00100011 00100000 11111001 00000000 00010011 00000101
00000000 00000000 10000011 00100000 11000001 00000001
00000011 00100100 10000001 00000001 10000011 00100100
01000001 00000001 00000011 00101001 00000001 00000001
10000011 00101001 11000001 00000000 00000011 00101010
10000001 00000000 00010011 00000001 00000001 00000010
01100111 10000000 00000000 00000000 10000011 00100110
00000100 00000000 10110011 10000110 10010110 01000000
01100011 11001010 00000110 00000110 00010011 00000111
10110000 00000000 01100011 01111010 11010111 00000100
00100011 00100000 10010100 00000000 00110011 00000111
10010100 00000000 01100011 10010000 10000111 00000100
00100011 10100000 11101001 00000000 10000011 00100111
01000100 00000000 00100011 00100000 11010111 00000000
00100011 00100010 11110111 00000000 00010011 00000101
00001001 00000000 11101111 00000000 10000000 00001001
00010011 00000101 10110100 00000000 10010011 00000111
01000100 00000000 00010011 01110101 10000101 11111111
00110011 00000111 11110101 01000000 11100011 00001100
11110101 11111000 00110011 00000100 11100100 00000000
10110011 10000111 10100111 01000000 00100011 00100000
11110100 00000000 01101111 11110000 10011111 11111000
00100011 10100010 11100111 00000000 01101111 11110000
01011111 11111100 00000011 00100111 01000100 00000000
01100011 10010110 10000111 00000000 00100011 10100000
11101001 00000000 01101111 11110000 00011111 11111100
00100011 10100010 11100111 00000000 01101111 11110000
10011111 11111011 10010011 00000111 00000100 00000000
00000011 00100100 01000100 00000000 01101111 11110000
00011111 11101101 00010011 10000100 00000111 00000000
10000011 10100111 01000111 00000000 01101111 11110000
10011111 11101110 00010011 10000111 00000111 00000000
10000011 10100111 01000111 00000000 11100011 10011100
10000111 11111110 00100011 00100010 00000111 00000000
01101111 11110000 11011111 11111000 10010011 00000111
11000000 00000000 00100011 00100000 11111001 00000000
00010011 00000101 00001001 00000000 11101111 00000000
10000000 00000001 01101111 11110000 01011111 11110010
00100011 00100000 10010101 00000000 01101111 11110000
00011111 11110111 00010011 10000101 00000001 10001001
01101111 11110000 11011111 10100011 00010011 10000101
00000001 10001001 01101111 11110000 11011111 10100100
10000011 10010111 11000101 00000000 00010011 00000001
00000001 11111110 00100011 00101100 10000001 00000000
00100011 00101010 10010001 00000000 00100011 00101110
00010001 00000000 00100011 00101000 00100001 00000001
00100011 00100110 00110001 00000001 00010011 11110111
10000111 00000000 10010011 00000100 00000101 00000000
00010011 10000100 00000101 00000000 01100011 00010010
00000111 00010010 00000011 10100111 01000101 00000000
01100011 01000110 11100000 00000000 00000011 10100111
00000101 00000100 01100011 01010110 11100000 00010000
00000011 00100111 11000100 00000010 01100011 00000010
00000111 00010000 00000011 10101001 00000100 00000000
10010011 10010110 00110111 00000001 00100011 10100000
00000100 00000000 01100011 11011100 00000110 00001010
00000011 00100110 01000100 00000101 10000011 01010111
11000100 00000000 10010011 11110111 01000111 00000000
01100011 10001110 00000111 00000000 10000011 00100111
01000100 00000000 00110011 00000110 11110110 01000000
10000011 00100111 01000100 00000011 01100011 10000110
00000111 00000000 10000011 00100111 00000100 00000100
00110011 00000110 11110110 01000000 10000011 00100111
11000100 00000010 10000011 00100101 00000100 00000010
10010011 00000110 00000000 00000000 00010011 10000101
00000100 00000000 11100111 10000000 00000111 00000000
00010011 00000111 11110000 11111111 10000011 00010111
11000100 00000000 01100011 00010010 11100101 00000010
10000011 10100110 00000100 00000000 00010011 00000111
11010000 00000001 01100011 01101010 11010111 00001110
00110111 00000111 01000000 00100000 00010011 00000111
00010111 00000000 00110011 01010111 11010111 00000000
00010011 01110111 00010111 00000000 01100011 00000000
00000111 00001110 00000011 00100111 00000100 00000001
00100011 00100010 00000100 00000000 00100011 00100000
11100100 00000000 00010011 10010111 00110111 00000001
01100011 01011100 00000111 00000000 10010011 00000111
11110000 11111111 01100011 00010110 11110101 00000000
10000011 10100111 00000100 00000000 01100011 10010100
00000111 00000000 00100011 00101010 10100100 00000100
10000011 00100101 01000100 00000011 00100011 10100000
00100100 00000001 01100011 10001100 00000101 00000100
10010011 00000111 01000100 00000100 01100011 10000110
11110101 00000000 00010011 10000101 00000100 00000000
11101111 11110000 00011111 10111011 00100011 00101010
00000100 00000010 01101111 00000000 00000000 00000100
10000011 00100101 00000100 00000010 00010011 00000110
00000000 00000000 10010011 00000110 00010000 00000000
00010011 10000101 00000100 00000000 11100111 00000000
00000111 00000000 10010011 00000111 11110000 11111111
00010011 00000110 00000101 00000000 11100011 00011010
11110101 11110010 10000011 10100111 00000100 00000000
11100011 10000110 00000111 11110010 00010011 00000111
11010000 00000001 01100011 10000110 11100111 00000000
00010011 00000111 01100000 00000001 01100011 10011100
11100111 00000100 00100011 10100000 00100100 00000001
00010011 00000101 00000000 00000000 01101111 00000000
11000000 00000101 10000011 10101001 00000101 00000001
11100011 10001010 00001001 11111110 00000011 10101001
00000101 00000000 10010011 11110111 00110111 00000000
00100011 10100000 00110101 00000001 00110011 00001001
00111001 01000001 00010011 00000111 00000000 00000000
01100011 10010100 00000111 00000000 00000011 10100111
01000101 00000001 00100011 00100100 11100100 00000000
11100011 01011000 00100000 11111101 10000011 00100111
10000100 00000010 10000011 00100101 00000100 00000010
10010011 00000110 00001001 00000000 00010011 10000110
00001001 00000000 00010011 10000101 00000100 00000000
11100111 10000000 00000111 00000000 01100011 01001000
10100000 00000010 10000011 00010111 11000100 00000000
10010011 11100111 00000111 00000100 00100011 00010110
11110100 00000000 00010011 00000101 11110000 11111111
10000011 00100000 11000001 00000001 00000011 00100100
10000001 00000001 10000011 00100100 01000001 00000001
00000011 00101001 00000001 00000001 10000011 00101001
11000001 00000000 00010011 00000001 00000001 00000010
01100111 10000000 00000000 00000000 10110011 10001001
10101001 00000000 00110011 00001001 10101001 01000000
01101111 11110000 11011111 11111010 10000011 10100111
00000101 00000001 00010011 00000001 00000001 11111111
00100011 00100110 00010001 00000000 00100011 00100100
10000001 00000000 00100011 00100010 10010001 00000000
01100011 10010000 00000111 00000010 10010011 00000100
00000000 00000000 10000011 00100000 11000001 00000000
00000011 00100100 10000001 00000000 00010011 10000101
00000100 00000000 10000011 00100100 01000001 00000000
00010011 00000001 00000001 00000001 01100111 10000000
00000000 00000000 10010011 00000100 00000101 00000000
00010011 10000100 00000101 00000000 01100011 00001000
00000101 00000000 10000011 00100111 00000101 00000010
01100011 10010100 00000111 00000000 11101111 11110000
00001111 10100000 10000011 00010111 11000100 00000000
11100011 10000100 00000111 11111100 00000011 00100111
01000100 00000110 00010011 01110111 00010111 00000000
01100011 00011010 00000111 00000000 10010011 11110111
00000111 00100000 01100011 10010110 00000111 00000000
00000011 00100101 10000100 00000101 11101111 11110000
10001111 11111111 00010011 10000101 00000100 00000000
10010011 00000101 00000100 00000000 11101111 11110000
11011111 11011011 10000011 00100111 01000100 00000110
10010011 00000100 00000101 00000000 10010011 11110111
00010111 00000000 11100011 10011010 00000111 11111000
10000011 01010111 11000100 00000000 10010011 11110111
00000111 00100000 11100011 10010100 00000111 11111000
00000011 00100101 10000100 00000101 11101111 11110000
00001111 11111110 01101111 11110000 11011111 11110111
10010011 00000101 00000101 00000000 01100011 00010000
00000101 00000010 00010111 00010110 00000000 00000000
00010011 00000110 01000110 00100001 10010111 00000101
00000000 00000000 10010011 10000101 11000101 11110100
00010111 00010101 00000000 00000000 00010011 00000101
00000101 00100001 01101111 11110000 01001111 10100010
00000011 10100101 10000001 10000110 01101111 11110000
01011111 11110011 00010011 00000001 00000001 11111111
00100011 00100100 10000001 00000000 00010011 00000100
00000101 00000000 00010011 10000101 00000101 00000000
00100011 10101110 00000001 10000110 00100011 00100110
00010001 00000000 11101111 00000000 10000000 00010001
10010011 00000111 11110000 11111111 01100011 00011000
11110101 00000000 10000011 10100111 11000001 10000111
01100011 10000100 00000111 00000000 00100011 00100000
11110100 00000000 10000011 00100000 11000001 00000000
00000011 00100100 10000001 00000000 00010011 00000001
00000001 00000001 01100111 10000000 00000000 00000000
00010011 00000001 00000001 11111111 00100011 00100110
00010001 00000000 00100011 00100100 10000001 00000000
10010011 00001000 10010000 00000011 01110011 00000000
00000000 00000000 00010011 00000100 00000101 00000000
01100011 01011010 00000101 00000000 00110011 00000100
10000000 01000000 11101111 00000000 11000000 00010111
00100011 00100000 10000101 00000000 00010011 00000100
11110000 11111111 10000011 00100000 11000001 00000000
00010011 00000101 00000100 00000000 00000011 00100100
10000001 00000000 00010011 00000001 00000001 00000001
01100111 10000000 00000000 00000000 10010011 00001000
11010000 00000101 01110011 00000000 00000000 00000000
01100011 01010010 00000101 00000010 00010011 00000001
00000001 11111111 00100011 00100100 10000001 00000000
00010011 00000100 00000101 00000000 00100011 00100110
00010001 00000000 00110011 00000100 10000000 01000000
11101111 00000000 11000000 00010011 00100011 00100000
10000101 00000000 01101111 00000000 00000000 00000000
01101111 00000000 00000000 00000000 00010011 00000001
00000001 11111111 00100011 00100110 00010001 00000000
00100011 00100100 10000001 00000000 10010011 00001000
11100000 00000011 01110011 00000000 00000000 00000000
00010011 00000100 00000101 00000000 01100011 01011010
00000101 00000000 00110011 00000100 10000000 01000000
11101111 00000000 11000000 00010000 00100011 00100000
10000101 00000000 00010011 00000100 11110000 11111111
10000011 00100000 11000001 00000000 00010011 00000101
00000100 00000000 00000011 00100100 10000001 00000000
00010011 00000001 00000001 00000001 01100111 10000000
00000000 00000000 00010011 00000001 00000001 11111111
00100011 00100110 00010001 00000000 00100011 00100100
10000001 00000000 10010011 00001000 11110000 00000011
01110011 00000000 00000000 00000000 00010011 00000100
00000101 00000000 01100011 01011010 00000101 00000000
00110011 00000100 10000000 01000000 11101111 00000000
11000000 00001100 00100011 00100000 10000101 00000000
00010011 00000100 11110000 11111111 10000011 00100000
11000001 00000000 00010011 00000101 00000100 00000000
00000011 00100100 10000001 00000000 00010011 00000001
00000001 00000001 01100111 10000000 00000000 00000000
00010011 10000111 11000001 10001010 10010011 00000111
00000101 00000000 00000011 00100101 00000111 00000000
00010011 00000001 00000001 11111111 00100011 00100110
00010001 00000000 01100011 00011010 00000101 00000010
10010011 00001000 01100000 00001101 01110011 00000000
00000000 00000000 10010011 00000110 11110000 11111111
01100011 00010000 11010101 00000010 11101111 00000000
01000000 00001000 10010011 00000111 11000000 00000000
00100011 00100000 11110101 00000000 00010011 00000101
11110000 11111111 10000011 00100000 11000001 00000000
00010011 00000001 00000001 00000001 01100111 10000000
00000000 00000000 00100011 00100000 10100111 00000000
10010011 00001000 01100000 00001101 00110011 10000101
10100111 00000000 01110011 00000000 00000000 00000000
10010011 00000110 00000101 00000000 00000011 00100101
00000111 00000000 10110011 10000111 10100111 00000000
11100011 10010100 11110110 11111100 00100011 00100000
11010111 00000000 01101111 11110000 00011111 11111101
00010011 00000001 00000001 11111111 00100011 00100110
00010001 00000000 00100011 00100100 10000001 00000000
10010011 00001000 00000000 00000100 01110011 00000000
00000000 00000000 00010011 00000100 00000101 00000000
01100011 01011010 00000101 00000000 00110011 00000100
10000000 01000000 11101111 00000000 00000000 00000010
00100011 00100000 10000101 00000000 00010011 00000100
11110000 11111111 10000011 00100000 11000001 00000000
00010011 00000101 00000100 00000000 00000011 00100100
10000001 00000000 00010011 00000001 00000001 00000001
01100111 10000000 00000000 00000000 00000011 10100101
10000001 10000110 01100111 10000000 00000000 00000000
00000000 00000000 00000000 00000000 00000000 00000000
00000000 00000000 00000000 00000000 00000000 00000000
00000000 00000000 00000000 00000000 00000000 00000000
00000000 00000000 00000000 00000000 00000000 00000000
00000000 00000000 00000000 00000000 00000000 00000000
00000000 00000000 00000000 00000000 00000000 00000000
00000000 00000000 00000000 00000000 00000000 00000000
00000000 00000000 00000000 00000000 00000000 00000000
00000000 00000000 00000000 00000000 00000000 00000000
00000000 00000000 00000000 00000000 00000000 00000000
00000000 00000000 00000000 00000000 00000000 00000000
00000000 00000000 00000000 00000000 00000000 00000000
00000000 00000000 00000000 00000000 00000000 00000000
00000000 00000000 00000000 00000000 00000000 00000000
00000000 00000000 00000000 00000000 00000000 00000000
00000000 00000000 00000000 00000000 00000000 00000000
00000000 00000000 00000000 00000000 00000000 00000000
00000000 00000000 00000000 00000000 00000000 00000000
00000000 00000000 00000000 00000000 00000000 00000000
00000000 00000000 00000000 00000000 00000000 00000000
00000000 00000000 00000000 00000000 00000000 00000000
00000000 00000000 00000000 00000000 00000000 00000000
00000000 00000000 00000000 00000000 00000000 00000000
00000000 00000000 00000000 00000000 00000000 00000000
00000000 00000000 00000000 00000000 00000000 00000000
00000000 00000000 00000000 00000000 00000000 00000000
00000000 00000000 00000000 00000000 00000000 00000000
00000000 00000000 00000000 00000000 00000000 00000000
00000000 00000000 00000000 00000000 00000000 00000000
00000000 00000000 00000000 00000000 00000000 00000000
00000000 00000000 00000000 00000000 00000000 00000000
00000000 00000000 00000000 00000000 00000000 00000000
00000000 00000000 00000000 00000000 00000000 00000000
00000000 00000000 00000000 00000000 00000000 00000000
00000000 00000000 00000000 00000000 00000000 00000000
00000000 00000000 00000000 00000000 00000000 00000000
00000000 00000000 00000000 00000000 00000000 00000000
00000000 00000000 00000000 00000000 00000000 00000000
00000000 00000000 00000000 00000000 00000000 00000000
00000000 00000000 00000000 00000000 00000000 00000000
00000000 00000000 00000000 00000000 00000000 00000000
00000000 00000000 00000000 00000000 00000000 00000000
00000000 00000000 00000000 00000000 00000000 00000000
00000000 00000000 00000000 00000000 00000000 00000000
00000000 00000000 00000000 00000000 00000000 00000000
00000000 00000000 00000000 00000000 00000000 00000000
00000000 00000000 00000000 00000000 00000000 00000000
00000000 00000000 00000000 00000000 00000000 00000000
00000000 00000000 00000000 00000000 00000000 00000000
00000000 00000000 00000000 00000000 00000000 00000000
00000000 00000000 00000000 00000000 00000000 00000000
00000000 00000000 00000000 00000000 00000000 00000000
00000000 00000000 00000000 00000000 00000000 00000000
00000000 00000000 00000000 00000000 00000000 00000000
00000000 00000000 00000000 00000000 00000000 00000000
00000000 00000000 00000000 00000000 00000000 00000000
00000000 00000000 00000000 00000000 00000000 00000000
00000000 00000000 00000000 00000000 00000000 00000000
00000000 00000000 00000000 00000000 00000000 00000000
00000000 00000000 00000000 00000000 00000000 00000000
00000000 00000000 00000000 00000000 00000000 00000000
00000000 00000000 00000000 00000000 00000000 00000000
00000000 00000000 00000000 00000000 00000000 00000000
00000000 00000000 00000000 00000000 00000000 00000000
00000000 00000000 00000000 00000000 00000000 00000000
00000000 00000000 00000000 00000000 00000000 00000000
00000000 00000000 00000000 00000000 00000000 00000000
00000000 00000000 00000000 00000000 00000000 00000000
00000000 00000000 00000000 00000000 00000000 00000000
00000000 00000000 00000000 00000000 00000000 00000000
00000000 00000000 00000000 00000000 00000000 00000000
00000000 00000000 00000000 00000000 00000000 00000000
00000000 00000000 00000000 00000000 00000000 00000000
00000000 00000000 00000000 00000000 00000000 00000000
00000000 00000000 00000000 00000000 00000000 00000000
00000000 00000000 00000000 00000000 00000000 00000000
00000000 00000000 00000000 00000000 00000000 00000000
00000000 00000000 00000000 00000000 00000000 00000000
00000000 00000000 00000000 00000000 00000000 00000000
00000000 00000000 00000000 00000000 00000000 00000000
00000000 00000000 00000000 00000000 00000000 00000000
00000000 00000000 00000000 00000000 00000000 00000000
00000000 00000000 00000000 00000000 00000000 00000000
00000000 00000000 00000000 00000000 00000000 00000000
00000000 00000000 00000000 00000000 00000000 00000000
00000000 00000000 00000000 00000000 00000000 00000000
00000000 00000000 00000000 00000000 00000000 00000000
00000000 00000000 00000000 00000000 00000000 00000000
00000000 00000000 00000000 00000000 00000000 00000000
00000000 00000000 00000000 00000000 00000000 00000000
00000000 00000000 00000000 00000000 00000000 00000000
00000000 00000000 00000000 00000000 00000000 00000000
00000000 00000000 00000000 00000000 00000000 00000000
00000000 00000000 00000000 00000000 00000000 00000000
00000000 00000000 00000000 00000000 00000000 00000000
00000000 00000000 00000000 00000000 00000000 00000000
00000000 00000000 00000000 00000000 00000000 00000000
00000000 00000000 00000000 00000000 00000000 00000000
00000000 00000000 00000000 00000000 00000000 00000000
00000000 00000000 00000000 00000000 00000000 00000000
00000000 00000000 00000000 00000000 00000000 00000000
00000000 00000000 00000000 00000000 00000000 00000000
00000000 00000000 00000000 00000000 00000000 00000000
00000000 00000000 00000000 00000000 00000000 00000000
00000000 00000000 00000000 00000000 00000000 00000000
00000000 00000000 00000000 00000000 00000000 00000000
00000000 00000000 00000000 00000000 00000000 00000000
00000000 00000000 00000000 00000000 00000000 00000000
00000000 00000000 00000000 00000000 00000000 00000000
00000000 00000000 00000000 00000000 00000000 00000000
00000000 00000000 00000000 00000000 00000000 00000000
00000000 00000000 00000000 00000000 00000000 00000000
00000000 00000000 00000000 00000000 00000000 00000000
00000000 00000000 00000000 00000000 00000000 00000000
00000000 00000000 00000000 00000000 00000000 00000000
00000000 00000000 00000000 00000000 00000000 00000000
00000000 00000000 00000000 00000000 00000000 00000000
00000000 00000000 00000000 00000000 00000000 00000000
00000000 00000000 00000000 00000000 00000000 00000000
00000000 00000000 00000000 00000000 00000000 00000000
00000000 00000000 00000000 00000000 00000000 00000000
00000000 00000000 00000000 00000000 00000000 00000000
00000000 00000000 00000000 00000000 00000000 00000000
00000000 00000000 00000000 00000000 00000000 00000000
00000000 00000000 00000000 00000000 00000000 00000000
00000000 00000000 00000000 00000000 00000000 00000000
00000000 00000000 00000000 00000000 00000000 00000000
00000000 00000000 00000000 00000000 00000000 00000000
00000000 00000000 00000000 00000000 00000000 00000000
00000000 00000000 00000000 00000000 00000000 00000000
00000000 00000000 00000000 00000000 00000000 00000000
00000000 00000000 00000000 00000000 00000000 00000000
00000000 00000000 00000000 00000000 00000000 00000000
00000000 00000000 00000000 00000000 00000000 00000000
00000000 00000000 00000000 00000000 00000000 00000000
00000000 00000000 00000000 00000000 00000000 00000000
00000000 00000000 00000000 00000000 00000000 00000000
00000000 00000000 00000000 00000000 00000000 00000000
00000000 00000000 00000000 00000000 00000000 00000000
00000000 00000000 00000000 00000000 00000000 00000000
00000000 00000000 00000000 00000000 00000000 00000000
00000000 00000000 00000000 00000000 00000000 00000000
00000000 00000000 00000000 00000000 00000000 00000000
00000000 00000000 00000000 00000000 00000000 00000000
00000000 00000000 00000000 00000000 00000000 00000000
00000000 00000000 00000000 00000000 00000000 00000000
00000000 00000000 00000000 00000000 00000000 00000000
00000000 00000000 00000000 00000000 00000000 00000000
00000000 00000000 00000000 00000000 00000000 00000000
00000000 00000000 00000000 00000000 00000000 00000000
00000000 00000000 00000000 00000000 00000000 00000000
00000000 00000000 00000000 00000000 00000000 00000000
00000000 00000000 00000000 00000000 00000000 00000000
00000000 00000000 00000000 00000000 00000000 00000000
00000000 00000000 00000000 00000000 00000000 00000000
00000000 00000000 00000000 00000000 00000000 00000000
00000000 00000000 00000000 00000000 00000000 00000000
00000000 00000000 00000000 00000000 00000000 00000000
00000000 00000000 00000000 00000000 00000000 00000000
00000000 00000000 00000000 00000000 00000000 00000000
00000000 00000000 00000000 00000000 00000000 00000000
00000000 00000000 00000000 00000000 00000000 00000000
00000000 00000000 00000000 00000000 00000000 00000000
00000000 00000000 00000000 00000000 00000000 00000000
00000000 00000000 00000000 00000000 00000000 00000000
00000000 00000000 00000000 00000000 00000000 00000000
00000000 00000000 00000000 00000000 00000000 00000000
00000000 00000000 00000000 00000000 00000000 00000000
00000000 00000000 00000000 00000000 00000000 00000000
00000000 00000000 00000000 00000000 00000000 00000000
00000000 00000000 00000000 00000000 00000000 00000000
00000000 00000000 00000000 00000000 00000000 00000000
00000000 00000000 00000000 00000000 00000000 00000000
00000000 00000000 00000000 00000000 00000000 00000000
00000000 00000000 00000000 00000000 00000000 00000000
00000000 00000000 00000000 00000000 00000000 00000000
00000000 00000000 00000000 00000000 00000000 00000000
00000000 00000000 00000000 00000000 00000000 00000000
00000000 00000000 00000000 00000000 00000000 00000000
00000000 00000000 00000000 00000000 00000000 00000000
00000000 00000000 00000000 00000000 00000000 00000000
00000000 00000000 00000000 00000000 00000000 00000000
00000000 00000000 00000000 00000000 00000000 00000000
00000000 00000000 00000000 00000000 00000000 00000000
00000000 00000000 00000000 00000000 00000000 00000000
00000000 00000000 00000000 00000000 00000000 00000000
00000000 00000000 00000000 00000000 00000000 00000000
00000000 00000000 00000000 00000000 00000000 00000000
00000000 00000000 00000000 00000000 00000000 00000000
00000000 00000000 00000000 00000000 00000000 00000000
00000000 00000000 00000000 00000000 00000000 00000000
00000000 00000000 00000000 00000000 00000000 00000000
00000000 00000000 00000000 00000000 00000000 00000000
00000000 00000000 00000000 00000000 00000000 00000000
00000000 00000000 00000000 00000000 00000000 00000000
00000000 00000000 00000000 00000000 00000000 00000000
00000000 00000000 00000000 00000000 00000000 00000000
00000000 00000000 00000000 00000000 00000000 00000000
00000000 00000000 00000000 00000000 00000000 00000000
00000000 00000000 00000000 00000000 00000000 00000000
00000000 00000000 00000000 00000000 00000000 00000000
00000000 00000000 00000000 00000000 00000000 00000000
00000000 00000000 00000000 00000000 00000000 00000000
00000000 00000000 00000000 00000000 00000000 00000000
00000000 00000000 00000000 00000000 00000000 00000000
00000000 00000000 00000000 00000000 00000000 00000000
00000000 00000000 00000000 00000000 00000000 00000000
00000000 00000000 00000000 00000000 00000000 00000000
00000000 00000000 00000000 00000000 00000000 00000000
00000000 00000000 00000000 00000000 00000000 00000000
00000000 00000000 00000000 00000000 00000000 00000000
00000000 00000000 00000000 00000000 00000000 00000000
00000000 00000000 00000000 00000000 00000000 00000000
00000000 00000000 00000000 00000000 00000000 00000000
00000000 00000000 00000000 00000000 00000000 00000000
00000000 00000000 00000000 00000000 00000000 00000000
00000000 00000000 00000000 00000000 00000000 00000000
00000000 00000000 00000000 00000000 00000000 00000000
00000000 00000000 00000000 00000000 00000000 00000000
00000000 00000000 00000000 00000000 00000000 00000000
00000000 00000000 00000000 00000000 00000000 00000000
00000000 00000000 00000000 00000000 00000000 00000000
00000000 00000000 00000000 00000000 00000000 00000000
00000000 00000000 00000000 00000000 00000000 00000000
00000000 00000000 00000000 00000000 00000000 00000000
00000000 00000000 00000000 00000000 00000000 00000000
00000000 00000000 00000000 00000000 00000000 00000000
00000000 00000000 00000000 00000000 00000000 00000000
00000000 00000000 00000000 00000000 00000000 00000000
00000000 00000000 00000000 00000000 00000000 00000000
00000000 00000000 00000000 00000000 00000000 00000000
00000000 00000000 00000000 00000000 00000000 00000000
00000000 00000000 00000000 00000000 00000000 00000000
00000000 00000000 00000000 00000000 00000000 00000000
00000000 00000000 00000000 00000000 00000000 00000000
00000000 00000000 00000000 00000000 00000000 00000000
00000000 00000000 00000000 00000000 00000000 00000000
00000000 00000000 00000000 00000000 00000000 00000000
00000000 00000000 00000000 00000000 00000000 00000000
00000000 00000000 00000000 00000000 00000000 00000000
00000000 00000000 00000000 00000000 00000000 00000000
00000000 00000000 00000000 00000000 00000000 00000000
00000000 00000000 00000000 00000000 00000000 00000000
00000000 00000000 00000000 00000000 00000000 00000000
00000000 00000000 00000000 00000000 00000000 00000000
00000000 00000000 00000000 00000000 00000000 00000000
00000000 00000000 00000000 00000000 00000000 00000000
00000000 00000000 00000000 00000000 00000000 00000000
00000000 00000000 00000000 00000000 00000000 00000000
00000000 00000000 00000000 00000000 00000000 00000000
00000000 00000000 00000000 00000000 00000000 00000000
00000000 00000000 00000000 00000000 00000000 00000000
00000000 00000000 00000000 00000000 00000000 00000000
00000000 00000000 00000000 00000000 00000000 00000000
00000000 00000000 00000000 00000000 00000000 00000000
00000000 00000000 00000000 00000000 00000000 00000000
00000000 00000000 00000000 00000000 00000000 00000000
00000000 00000000 00000000 00000000 00000000 00000000
00000000 00000000 00000000 00000000 00000000 00000000
00000000 00000000 00000000 00000000 00000000 00000000
00000000 00000000 00000000 00000000 00000000 00000000
00000000 00000000 00000000 00000000 00000000 00000000
00000000 00000000 00000000 00000000 00000000 00000000
00000000 00000000 00000000 00000000 00000000 00000000
00000000 00000000 00000000 00000000 00000000 00000000
00000000 00000000 00000000 00000000 00000000 00000000
00000000 00000000 00000000 00000000 00000000 00000000
00000000 00000000 00000000 00000000 00000000 00000000
00000000 00000000 00000000 00000000 00000000 00000000
00000000 00000000 00000000 00000000 00000000 00000000
00000000 00000000 00000000 00000000 00000000 00000000
00000000 00000000 00000000 00000000 00000000 00000000
00000000 00000000 00000000 00000000 00000000 00000000
00000000 00000000 00000000 00000000 00000000 00000000
00000000 00000000 00000000 00000000 00000000 00000000
00000000 00000000 00000000 00000000 00000000 00000000
00000000 00000000 00000000 00000000 00000000 00000000
00000000 00000000 00000000 00000000 00000000 00000000
00000000 00000000 00000000 00000000 00000000 00000000
00000000 00000000 00000000 00000000 00000000 00000000
00000000 00000000 00000000 00000000 00000000 00000000
00000000 00000000 00000000 00000000 00000000 00000000
00000000 00000000 00000000 00000000 00000000 00000000
00000000 00000000 00000000 00000000 00000000 00000000
00000000 00000000 00000000 00000000 00000000 00000000
00000000 00000000 00000000 00000000 00000000 00000000
00000000 00000000 00000000 00000000 00000000 00000000
00000000 00000000 00000000 00000000 00000000 00000000
00000000 00000000 00000000 00000000 00000000 00000000
00000000 00000000 00000000 00000000 00000000 00000000
00000000 00000000 00000000 00000000 00000000 00000000
00000000 00000000 00000000 00000000 00000000 00000000
00000000 00000000 00000000 00000000 00000000 00000000
00000000 00000000 00000000 00000000 00000000 00000000
00000000 00000000 00000000 00000000 00000000 00000000
00000000 00000000 00000000 00000000 00000000 00000000
00000000 00000000 00000000 00000000 00000000 00000000
00000000 00000000 00000000 00000000 00000000 00000000
00000000 00000000 00000000 00000000 00000000 00000000
00000000 00000000 00000000 00000000 00000000 00000000
00000000 00000000 00000000 00000000 00000000 00000000
00000000 00000000 00000000 00000000 00000000 00000000
00000000 00000000 00000000 00000000 00000000 00000000
00000000 00000000 00000000 00000000 00000000 00000000
00000000 00000000 00000000 00000000 00000000 00000000
00000000 00000000 00000000 00000000 00000000 00000000
00000000 00000000 00000000 00000000 00000000 00000000
00000000 00000000 00000000 00000000 00000000 00000000
00000000 00000000 00000000 00000000 00000000 00000000
00000000 00000000 00000000 00000000 00000000 00000000
00000000 00000000 00000000 00000000 00000000 00000000
00000000 00000000 00000000 00000000 00000000 00000000
00000000 00000000 00000000 00000000 00000000 00000000
00000000 00000000 00000000 00000000 00000000 00000000
00000000 00000000 00000000 00000000 00000000 00000000
00000000 00000000 00000000 00000000 00000000 00000000
00000000 00000000 00000000 00000000 00000000 00000000
00000000 00000000 00000000 00000000 00000000 00000000
00000000 00000000 00000000 00000000 00000000 00000000
00000000 00000000 00000000 00000000 00000000 00000000
00000000 00000000 00000000 00000000 00000000 00000000
00000000 00000000 00000000 00000000 00000000 00000000
00000000 00000000 00000000 00000000 00000000 00000000
00000000 00000000 00000000 00000000 00000000 00000000
00000000 00000000 00000000 00000000 00000000 00000000
00000000 00000000 00000000 00000000 00000000 00000000
00000000 00000000 00000000 00000000 00000000 00000000
00000000 00000000 00000000 00000000 00000000 00000000
00000000 00000000 00000000 00000000 00000000 00000000
00000000 00000000 00000000 00000000 00000000 00000000
00000000 00000000 00000000 00000000 00000000 00000000
00000000 00000000 00000000 00000000 00000000 00000000
00000000 00000000 00000000 00000000 00000000 00000000
00000000 00000000 00000000 00000000 00000000 00000000
00000000 00000000 00000000 00000000 00000000 00000000
00000000 00000000 00000000 00000000 00000000 00000000
00000000 00000000 00000000 00000000 00000000 00000000
00000000 00000000 00000000 00000000 00000000 00000000
00000000 00000000 00000000 00000000 00000000 00000000
00000000 00000000 00000000 00000000 00000000 00000000
00000000 00000000 00000000 00000000 00000000 00000000
00000000 00000000 00000000 00000000 00000000 00000000
00000000 00000000 00000000 00000000 00000000 00000000
00000000 00000000 00000000 00000000 00000000 00000000
00000000 00000000 00000000 00000000 00000000 00000000
00000000 00000000 00000000 00000000 00000000 00000000
00000000 00000000 00000000 00000000 00000000 00000000
00000000 00000000 00000000 00000000 00000000 00000000
00000000 00000000 00000000 00000000 00000000 00000000
00000000 00000000 00000000 00000000 00000000 00000000
00000000 00000000 00000000 00000000 00000000 00000000
00000000 00000000 00000000 00000000 00000000 00000000
00000000 00000000 00000000 00000000 00000000 00000000
00000000 00000000 00000000 00000000 00000000 00000000
00000000 00000000 00000000 00000000 00000000 00000000
00000000 00000000 00000000 00000000 00000000 00000000
00000000 00000000 00000000 00000000 00000000 00000000
00000000 00000000 00000000 00000000 00000000 00000000
00000000 00000000 00000000 00000000 00000000 00000000
00000000 00000000 00000000 00000000 00000000 00000000
00000000 00000000 00000000 00000000 00000000 00000000
00000000 00000000 00000000 00000000 00000000 00000000
00000000 00000000 00000000 00000000 00000000 00000000
00000000 00000000 00000000 00000000 00000000 00000000
00000000 00000000 00000000 00000000 00000000 00000000
00000000 00000000 00000000 00000000 00000000 00000000
00000000 00000000 00000000 00000000 00000000 00000000
00000000 00000000 00000000 00000000 00000000 00000000
00000000 00000000 00000000 00000000 00000000 00000000
00000000 00000000 00000000 00000000 00000000 00000000
00000000 00000000 00000000 00000000 00000000 00000000
00000000 00000000 00000000 00000000 00000000 00000000
00000000 00000000 00000000 00000000 00000000 00000000
00000000 00000000 00000000 00000000 00000000 00000000
00000000 00000000 00000000 00000000 00000000 00000000
00000000 00000000 00000000 00000000 00000000 00000000
00000000 00000000 00000000 00000000 00000000 00000000
00000000 00000000 00000000 00000000 00000000 00000000
00000000 00000000 00000000 00000000 00000000 00000000
00000000 00000000 00000000 00000000 00000000 00000000
00000000 00000000 00000000 00000000 00000000 00000000
00000000 00000000 00000000 00000000 00000000 00000000
00000000 00000000 00000000 00000000 00000000 00000000
00000000 00000000 00000000 00000000 00000000 00000000
00000000 00000000 00000000 00000000 00000000 00000000
00000000 00000000 00000000 00000000 00000000 00000000
00000000 00000000 00000000 00000000 00000000 00000000
00000000 00000000 00000000 00000000 00000000 00000000
00000000 00000000 00000000 00000000 00000000 00000000
00000000 00000000 00000000 00000000 00000000 00000000
00000000 00000000 00000000 00000000 00000000 00000000
00000000 00000000 00000000 00000000 00000000 00000000
00000000 00000000 00000000 00000000 00000000 00000000
00000000 00000000 00000000 00000000 00000000 00000000
00000000 00000000 00000000 00000000 00000000 00000000
00000000 00000000 00000000 00000000 00000000 00000000
00000000 00000000 00000000 00000000 00000000 00000000
00000000 00000000 00000000 00000000 00000000 00000000
00000000 00000000 00000000 00000000 00000000 00000000
00000000 00000000 00000000 00000000 00000000 00000000
00000000 00000000 00000000 00000000 00000000 00000000
00000000 00000000 00000000 00000000 00000000 00000000
00000000 00000000 00000000 00000000 00000000 00000000
00000000 00000000 00000000 00000000 00000000 00000000
00000000 00000000 00000000 00000000 00000000 00000000
00000000 00000000 00000000 00000000 00000000 00000000
00000000 00000000 00000000 00000000 00000000 00000000
00000000 00000000 00000000 00000000 00000000 00000000
00000000 00000000 00000000 00000000 00000000 00000000
00000000 00000000 00000000 00000000 00000000 00000000
00000000 00000000 00000000 00000000 00000000 00000000
00000000 00000000 00000000 00000000 00000000 00000000
00000000 00000000 00000000 00000000 00000000 00000000
00000000 00000000 00000000 00000000 00000000 00000000
00000000 00000000 00000000 00000000 00000000 00000000
00000000 00000000 00000000 00000000 00000000 00000000
00000000 00000000 00000000 00000000 00000000 00000000
00000000 00000000 00000000 00000000 00000000 00000000
00000000 00000000 00000000 00000000 00000000 00000000
00000000 00000000 00000000 00000000 00000000 00000000
00000000 00000000 00000000 00000000 00000000 00000000
00000000 00000000 00000000 00000000 00000000 00000000
00000000 00000000 00000000 00000000 00000000 00000000
00000000 00000000 00000000 00000000 00000000 00000000
00000000 00000000 00000000 00000000 00000000 00000000
00000000 00000000 00000000 00000000 00000000 00000000
00000000 00000000 00000000 00000000 00000000 00000000
00000000 00000000 00000000 00000000 00000000 00000000
00000000 00000000 00000000 00000000 00000000 00000000
00000000 00000000 00000000 00000000 00000000 00000000
00000000 00000000 00000000 00000000 00000000 00000000
00000000 00000000 00000000 00000000 00000000 00000000
00000000 00000000 00000000 00000000 00000000 00000000
00000000 00000000 00000000 00000000 00000000 00000000
00000000 00000000 00000000 00000000 00000000 00000000
00000000 00000000 00000000 00000000 00000000 00000000
00000000 00000000 00000000 00000000 00000000 00000000
00000000 00000000 00000000 00000000 00000000 00000000
00000000 00000000 00000000 00000000 00000000 00000000
00000000 00000000 00000000 00000000 00000000 00000000
00000000 00000000 00000000 00000000 00000000 00000000
00000000 00000000 00000000 00000000 00000000 00000000
00000000 00000000 00000000 00000000 00000000 00000000
00000000 00000000 00000000 00000000 00000000 00000000
00000000 00000000 00000000 00000000 00000000 00000000
00000000 00000000 00000000 00000000 00000000 00000000
00000000 00000000 00000000 00000000 00000000 00000000
00000000 00000000 00000000 00000000 00000000 00000000
00000000 00000000 00000000 00000000 00000000 00000000
00000000 00000000 00000000 00000000 00000000 00000000
00000000 00000000 00000000 00000000 00000000 00000000
00000000 00000000 00000000 00000000 00000000 00000000
00000000 00000000 00000000 00000000 00000000 00000000
00000000 00000000 00000000 00000000 00000000 00000000
00000000 00000000 00000000 00000000 00000000 00000000
00000000 00000000 00000000 00000000 00000000 00000000
00000000 00000000 00000000 00000000 00000000 00000000
00000000 00000000 00000000 00000000 00000000 00000000
00000000 00000000 00000000 00000000 00000000 00000000
00000000 00000000 00000000 00000000 00000000 00000000
00000000 00000000 00000000 00000000 00000000 00000000
00000000 00000000 00000000 00000000 00000000 00000000
00000000 00000000 00000000 00000000 00000000 00000000
00000000 00000000 00000000 00000000 00000000 00000000
00000000 00000000 00000000 00000000 00000000 00000000
00000000 00000000 00000000 00000000 00000000 00000000
00000000 00000000 00000000 00000000 00000000 00000000
00000000 00000000 00000000 00000000 00000000 00000000
00000000 00000000 00000000 00000000 00000000 00000000
00000000 00000000 00000000 00000000 00000000 00000000
00000000 00000000 00000000 00000000 00000000 00000000
00000000 00000000 00000000 00000000 00000000 00000000
00000000 00000000 00000000 00000000 00000000 00000000
00000000 00000000 00000000 00000000 00000000 00000000
00000000 00000000 00000000 00000000 00000000 00000000
00000000 00000000 00000000 00000000 00000000 00000000
00000000 00000000 00000000 00000000 00000000 00000000
00000000 00000000 00000000 00000000 00000000 00000000
00000000 00000000 00000000 00000000 00000000 00000000
00000000 00000000 00000000 00000000 00000000 00000000
00000000 00000000 00000000 00000000 00000000 00000000
00000000 00000000 00000000 00000000 00000000 00000000
00000000 00000000 00000000 00000000 00000000 00000000
00000000 00000000 00000000 00000000 00000000 00000000
00000000 00000000 00000000 00000000 00000000 00000000
00000000 00000000 00000000 00000000 00000000 00000000
00000000 00000000 00000000 00000000 00000000 00000000
00000000 00000000 00000000 00000000 00000000 00000000
00000000 00000000 00000000 00000000 00000000 00000000
00000000 00000000 00000000 00000000 00000000 00000000
00000000 00000000 00000000 00000000 00000000 00000000
00000000 00000000 00000000 00000000 00000000 00000000
00000000 00000000 00000000 00000000 00000000 00000000
00000000 00000000 00000000 00000000 00000000 00000000
00000000 00000000 00000000 00000000 00000000 00000000
00000000 00000000 00000000 00000000 00000000 00000000
00000000 00000000 00000000 00000000 00000000 00000000
00000000 00000000 00000000 00000000 00000000 00000000
00000000 00000000 00000000 00000000 00000000 00000000
00000000 00000000 00000000 00000000 00000000 00000000
00000000 00000000 00000000 00000000 00000000 00000000
00000000 00000000 00000000 00000000 00000000 00000000
00000000 00000000 00000000 00000000 00000000 00000000
00000000 00000000 00000000 00000000 00000000 00000000
00000000 00000000 00000000 00000000 00000000 00000000
00000000 00000000 00000000 00000000 00000000 00000000
00000000 00000000 00000000 00000000 00000000 00000000
00000000 00000000 00000000 00000000 00000000 00000000
00000000 00000000 00000000 00000000 00000000 00000000
00000000 00000000 00000000 00000000 00000000 00000000
00000000 00000000 00000000 00000000 00000000 00000000
00000000 00000000 00000000 00000000 00000000 00000000
00000000 00000000 00000000 00000000 00000000 00000000
00000000 00000000 00000000 00000000 00000000 00000000
00000000 00000000 00000000 00000000 00000000 00000000
00000000 00000000 00000000 00000000 00000000 00000000
00000000 00000000 00000000 00000000 00000000 00000000
00000000 00000000 00000000 00000000 00000000 00000000
00000000 00000000 00000000 00000000 00000000 00000000
00000000 00000000 00000000 00000000 00000000 00000000
00000000 00000000 00000000 00000000 00000000 00000000
00000000 00000000 00000000 00000000 00000000 00000000
00000000 00000000 00000000 00000000 00000000 00000000
00000000 00000000 00000000 00000000 00000000 00000000
00000000 00000000 00000000 00000000 00000000 00000000
00000000 00000000 00000000 00000000 00000000 00000000
00000000 00000000 00000000 00000000 00000000 00000000
00000000 00000000 00000000 00000000 00000000 00000000
00000000 00000000 00000000 00000000 00000000 00000000
00000000 00000000 00000000 00000000 00000000 00000000
00000000 00000000 00000000 00000000 00000000 00000000
00000000 00000000 00000000 00000000 00000000 00000000
00000000 00000000 00000000 00000000 00000000 00000000
00000000 00000000 00000000 00000000 00000000 00000000
00000000 00000000 00000000 00000000 00000000 00000000
00000000 00000000 00000000 00000000 00000000 00000000
00000000 00000000 00000000 00000000 00000000 00000000
00000000 00000000 00000000 00000000 00000000 00000000
00000000 00000000 00000000 00000000 00000000 00000000
00000000 00000000 00000000 00000000 00000000 00000000
00000000 00000000 00000000 00000000 00000000 00000000
00000000 00000000 00000000 00000000 00000000 00000000
00000000 00000000 00000000 00000000 00000000 00000000
00000000 00000000 00000000 00000000 00000000 00000000
00000000 00000000 00000000 00000000 00000000 00000000
00000000 00000000 00000000 00000000 00000000 00000000
00000000 00000000 00000000 00000000 00000000 00000000
00000000 00000000 00000000 00000000 00000000 00000000
00000000 00000000 00000000 00000000 00000000 00000000
00000000 00000000 00000000 00000000 00000000 00000000
00000000 00000000 00000000 00000000 00000000 00000000
00000000 00000000 00000000 00000000 00000000 00000000
00000000 00000000 00000000 00000000 00000000 00000000
00000000 00000000 00000000 00000000 00000000 00000000
00000000 00000000 00000000 00000000 00000000 00000000
00000000 00000000 00000000 00000000 00000000 00000000
00000000 00000000 00000000 00000000 00000000 00000000
00000000 00000000 00000000 00000000 00000000 00000000
00000000 00000000 00000000 00000000 00000000 00000000
00000000 00000000 00000000 00000000 00000000 00000000
00000000 00000000 00000000 00000000 00000000 00000000
00000000 00000000 00000000 00000000 00000000 00000000
00000000 00000000 00000000 00000000 00000000 00000000
00000000 00000000 00000000 00000000 00000000 00000000
00000000 00000000 00000000 00000000 00000000 00000000
00000000 00000000 00000000 00000000 00000000 00000000
00000000 00000000 00000000 00000000 00000000 00000000
00000000 00000000 00000000 00000000 00000000 00000000
00000000 00000000 00000000 00000000 00000000 00000000
00000000 00000000 00000000 00000000 00000000 00000000
00000000 00000000 00000000 00000000 00000000 00000000
00000000 00000000 00000000 00000000 00000000 00000000
00000000 00000000 00000000 00000000 00000000 00000000
00000000 00000000 00000000 00000000 00000000 00000000
00000000 00000000 00000000 00000000 00000000 00000000
00000000 00000000 00000000 00000000 00000000 00000000
00000000 00000000 00000000 00000000 00000000 00000000
00000000 00000000 00000000 00000000 00000000 00000000
00000000 00000000 00000000 00000000 00000000 00000000
00000000 00000000 00000000 00000000 00000000 00000000
00000000 00000000 00000000 00000000 00000000 00000000
00000000 00000000 00000000 00000000 00000000 00000000
00000000 00000000 00000000 00000000 00000000 00000000
00000000 00000000 00000000 00000000 00000000 00000000
00000000 00000000 00000000 00000000 00000000 00000000
00000000 00000000 00000000 00000000 00000000 00000000
00000000 00000000 00000000 00000000 00000000 00000000
00000000 00000000 00000000 00000000 00000000 00000000
00000000 00000000 00000000 00000000 00000000 00000000
00000000 00000000 00000000 00000000 00000000 00000000
00000000 00000000 00000000 00000000 00000000 00000000
00000000 00000000 00000000 00000000 00000000 00000000
00000000 00000000 00000000 00000000 00000000 00000000
00000000 00000000 00000000 00000000 00000000 00000000
00000000 00000000 00000000 00000000 00000000 00000000
00000000 00000000 00000000 00000000 00000000 00000000
00000000 00000000 00000000 00000000 00000000 00000000
00000000 00000000 00000000 00000000 00000000 00000000
00000000 00000000 00000000 00000000 00000000 00000000
00000000 00000000 00000000 00000000 00000000 00000000
00000000 00000000 00000000 00000000 00000000 00000000
00000000 00000000 00000000 00000000 00000000 00000000
00000000 00000000 00000000 00000000 00000000 00000000
00000000 00000000 00000000 00000000 00000000 00000000
00000000 00000000 00000000 00000000 00000000 00000000
00000000 00000000 00000000 00000000 00000000 00000000
00000000 00000000 00000000 00000000 00000000 00000000
00000000 00000000 00000000 00000000 00000000 00000000
00000000 00000000 00000000 00000000 00000000 00000000
00000000 00000000 00000000 00000000 00000000 00000000
00000000 00000000 00000000 00000000 00000000 00000000
00000000 00000000 00000000 00000000 00000000 00000000
00000000 00000000 00000000 00000000 00000000 00000000
00000000 00000000 00000000 00000000 00000000 00000000
00000000 00000000 00000000 00000000 00000000 00000000
00000000 00000000 00000000 00000000 00000000 00000000
00000000 00000000 00000000 00000000 00000000 00000000
00000000 00000000 00000000 00000000 00000000 00000000
00000000 00000000 00000000 00000000 00000000 00000000
00000000 00000000 00000000 00000000 00000000 00000000
00000000 00000000 00000000 00000000 00000000 00000000
00000000 00000000 00000000 00000000 00000000 00000000
00000000 00000000 00000000 00000000 00000000 00000000
00000000 00000000 00000000 00000000 00000000 00000000
00000000 00000000 00000000 00000000 00000000 00000000
00000000 00000000 00000000 00000000 00000000 00000000
00000000 00000000 00000000 00000000 00000000 00000000
00000000 00000000 00000000 00000000 00000000 00000000
00000000 00000000 00000000 00000000 00000000 00000000
00000000 00000000 00000000 00000000 00000000 00000000
00000000 00000000 00000000 00000000 00000000 00000000
00000000 00000000 00000000 00000000 00000000 00000000
00000000 00000000 00000000 00000000 00000000 00000000
00000000 00000000 00000000 00000000 00000000 00000000
00000000 00000000 00000000 00000000 00000000 00000000
00000000 00000000 00000000 00000000 00000000 00000000
00000000 00000000 00000000 00000000 00000000 00000000
00000000 00000000 00000000 00000000 00000000 00000000
00000000 00000000 00000000 00000000 00000000 00000000
00000000 00000000 00000000 00000000 00000000 00000000
00000000 00000000 00000000 00000000 00000000 00000000
00000000 00000000 00000000 00000000 00000000 00000000
00000000 00000000 00000000 00000000 00000000 00000000
00000000 00000000 00000000 00000000 00000000 00000000
00000000 00000000 00000000 00000000 00000000 00000000
00000000 00000000 00000000 00000000 00000000 00000000
00000000 00000000 00000000 00000000 00000000 00000000
00000000 00000000 00000000 00000000 00000000 00000000
00000000 00000000 00000000 00000000 00000000 00000000
00000000 00000000 00000000 00000000 00000000 00000000
00000000 00000000 00000000 00000000 00000000 00000000
00000000 00000000 00000000 00000000 00000000 00000000
00000000 00000000 00000000 00000000 00000000 00000000
00000000 00000000 00000000 00000000 00000000 00000000
00000000 00000000 00000000 00000000 00000000 00000000
00000000 00000000 00000000 00000000 00000000 00000000
00000000 00000000 00000000 00000000 00000000 00000000
00000000 00000000 00000000 00000000 00000000 00000000
00000000 00000000 00000000 00000000 00000000 00000000
00000000 00000000 00000000 00000000 00000000 00000000
00000000 00000000 00000000 00000000 00000000 00000000
00000000 00000000 00000000 00000000 00000000 00000000
00000000 00000000 00000000 00000000 00000000 00000000
00000000 00000000 00000000 00000000 00000000 00000000
00000000 00000000 00000000 00000000 00000000 00000000
00000000 00000000 00000000 00000000 00000000 00000000
00000000 00000000 00000000 00000000 00000000 00000000
00000000 00000000 00000000 00000000 00000000 00000000
00000000 00000000 00000000 00000000 00000000 00000000
00000000 00000000 00000000 00000000 00000000 00000000
00000000 00000000 00000000 00000000 00000000 00000000
00000000 00000000 00000000 00000000 00000000 00000000
00000000 00000000 00000000 00000000 00000000 00000000
00000000 00000000 00000000 00000000 00000000 00000000
00000000 00000000 00000000 00000000 00000000 00000000
00000000 00000000 00000000 00000000 00000000 00000000
00000000 00000000 00000000 00000000 00000000 00000000
00000000 00000000 00000000 00000000 00000000 00000000
00000000 00000000 00000000 00000000 00000000 00000000
00000000 00000000 00000000 00000000 00000000 00000000
00000000 00000000 00000000 00000000 00000000 00000000
00000000 00000000 00000000 00000000 00000000 00000000
00000000 00000000 00000000 00000000 00000000 00000000
00000000 00000000 01111000 00000001 00000001 00000000
00101100 00000001 00000001 00000000 00000000 00000000
00000000 00000000 00000011 00000000 00000000 00000000
01010100 00100111 00000001 00000000 00000000 00000000
00000000 00000000 01010100 00100111 00000001 00000000
10111100 00100111 00000001 00000000 00100100 00101000
00000001 00000000 00000000 00000000 00000000 00000000
00000000 00000000 00000000 00000000 00000000 00000000
00000000 00000000 00000000 00000000 00000000 00000000
00000000 00000000 00000000 00000000 00000000 00000000
00000000 00000000 00000000 00000000 00000000 00000000
00000000 00000000 00000000 00000000 00000000 00000000
00000000 00000000 00000000 00000000 00000000 00000000
00000000 00000000 00000000 00000000 00000000 00000000
00000000 00000000 00000000 00000000 00000000 00000000
00000000 00000000 00000000 00000000 00000000 00000000
00000000 00000000 00000000 00000000 00000000 00000000
00000001 00000000 00000000 00000000 00000001 00000000
00000000 00000000 00000001 00000000 00000000 00000000
10011000 00100110 00000001 00000000 01100100 00001101
00000001 00000000 00100100 00100111 00000001 00000000
